	0	1	2	3	4	5	6	7	8	9	10	11	12	13
A	-0.11933681368554915	4.766417488282507	17.116718091857734	2.2957386696193227	3.1534658133386597	3.641930599677665	-2.8574722434099216	-0.5109847142605208	3.842872013980179	-1.5538908427060254	0.7608576907313682	1.7279181034667328	2.143332106532767	2.080794178176028
L	17.827236139495916	2.574881647528705	11.241191250613007	6.959180659468284	-1.9816867883332019	2.1809343793069695	-0.09841773290148256	1.0903477599704852	0.5596563930841166	5.462774828781248	7.368276656424866	-1.5950365586337094	0.6615003173623032	0.08345277609022358
R	-8.18842865429069	-15.25509054246837	-1.5225827577184192	0.07671053034882896	-7.413312436459251	-8.284450135263487	-6.454110133943519	-5.3050681266572255	-0.09043574063604466	-5.391594264803815	5.400477216943234	-1.503589086477907	-2.78943438011411	-0.03986911114346333
K	-11.83205064343963	-13.376451068477456	5.349271886413479	1.9433363433549626	-5.254241123487879	-2.2590147482305647	-3.6907582384935265	0.05831584947278775	-1.1707513016437752	9.122410299317735	-4.000842993810381	2.1009446688296545	-0.7891875430079385	3.080767564130371
N	-15.229827451099421	-0.08428994287098832	-3.488523988539807	-6.198217844216213	-1.827574417521372	1.607748098227221	4.176736861841238	5.4001738395458725	-0.9649569456493416	4.007921230383572	1.7739369527555604	-1.3370207204773743	-4.847987954119177	-3.707883761189499
M	16.174028532540678	-4.974743513146818	3.1971864740304823	-1.917001989845153	6.43208548508261	4.222104383621662	-5.937734817263073	4.277949734375214	-0.5052338560181758	-3.1751964614569563	-3.8687151261228006	-6.9150539063945935	-2.011987086101428	2.9020424894018433
D	-18.2146026635901	-3.2865542528492107	-0.40013720876500003	-1.9044386608764203	4.706532391207613	4.241386042121793	9.203847891429364	-2.9393393580995886	-1.9915380025111236	-2.311473981276562	1.3815146386149353	-1.9293613268319334	-3.442823266955304	5.299530695749413
F	19.523668935978723	-0.29160635722853373	-3.9640755640635494	1.7871123702247982	-2.3007183740805064	3.777835251904991	1.3699785615271916	2.015798836924127	-0.5623672005566894	-1.6188732505630177	3.58753547362929	-1.6859013366577702	-0.18920712621685834	-3.7368675588168543
C	8.263782073274541	8.355436763283517	-5.918452287478518	-14.414201802910007	12.698390941968125	-6.393774682844861	-3.5241563819552266	-4.560058137275353	-2.210810896179773	4.122489674532446	2.4152894167203987	0.5756545997162357	1.1078165871072982	-0.31685467491914343
P	-16.66954545108497	11.992156909083274	-16.75680557219609	19.067662631345794	6.366499708993196	-0.2647766423864671	-4.297000274639497	0.4568908745990787	-0.8316209524144414	0.5452173753493633	0.3356884858406183	0.2798999924948404	-0.296780004509173	0.2803354322176457
Q	-7.922921937567095	-9.0429386536254	1.5461512794392451	-0.09756198597428309	1.8288892750470165	-1.923284232739145	-1.5365361864684364	0.719812752605038	0.2765283657682689	0.2117922109910444	-5.484690949197341	-3.7238190706117287	2.5151995395192115	-5.164519321479565
S	-12.769938704149274	7.932507850069988	1.887682401814343	-3.161877342987959	-1.1680521513508795	-3.8708189196824914	2.2535704536897168	3.4107550575881813	6.022973047078656	1.2697981865505972	1.200917950973849	-1.8607067511502964	1.5018402300318063	1.2904740154241034
E	-11.877065522025996	-12.303881229034266	9.952960653160748	4.223001009935872	7.29364062858223	3.485780896372769	4.368565552368977	-3.960438918350983	-2.6670962353979304	-1.666579905812477	0.2155482714576777	2.2994300724226617	3.5436058633224286	-3.825374389232729
T	-4.804668298705792	5.85893950977598	0.09468381641365185	-0.5874712215261503	-0.9433776216253805	-7.513406233549507	3.4663232536817126	1.7509426976881624	7.821876966114661	-2.8765287453831805	-1.875653652289995	0.1425853995414572	0.3809589523521641	-0.84761433486092
G	-16.75314739664002	21.39941767659005	4.065766137441669	-6.994186751501663	-9.43962708628567	8.440660957574387	-4.986331568234021	-3.3238171229873332	-3.0400926568172655	-1.9943267237455304	-1.6593775206205077	0.460904352920942	0.2743844828297239	-1.212167864590481
W	17.521869580725017	-7.78074030357549	-13.126272029940449	-1.7994159502103322	-1.1387993784397783	8.96350046864646	0.1673671838241367	-5.877160694411354	7.748346298668698	1.4370149915982888	-2.13465036599978	3.609472927934859	-1.7905737134837931	-0.22268318975673534
H	-0.32695246533382577	-7.987242879773412	-4.847742554172263	-5.024293485236312	1.0174758113872284	1.4976560161011347	-2.6755706897548537	9.511080099063028	-2.333218989013605	-3.7842872044066227	1.645518934238619	8.014484715794426	1.2626263900862074	1.2321201945067763
Y	8.380229852827613	-2.447287013480423	-12.783121547220567	-1.225151148278751	-8.051939329597648	-0.203105321667883	4.295410180894555	-0.3298747031223242	-3.3565247270316303	0.424970857852793	-0.37312153586795443	-3.20110893656403	7.9266647369637475	2.8810445768979474
I	20.920933166625097	5.634658939029473	2.3799333409122503	4.3069808057799985	-2.4629695004430117	-3.1236283654782437	3.3133198128245414	-0.547989779886314	-4.239542812906307	-0.010663162195674128	-3.6635965408919704	1.2272942942619258	-4.5782480594035695	-1.0206297796900896
V	16.09673772014479	8.316408972886924	5.976168177998044	2.6640951634854124	-1.5146818479820758	-8.223277811712373	3.4429685149821445	-1.3373359467809838	-2.3080627679184618	-2.22097511300724	-3.024913003529677	3.3130085664155997	-0.5817000721963168	0.963902063085134
